91886539
89945847
92797976
92797921
92797883
92797863
91886973
91885518
90065847
90061396
97626954
96964735
96877763
96871722
96455510
93777463
92837670
92798818
92379193
96501096
96500769
95214096
92772389
91954861
90764522
89948193
89946570
95011789
92837670
90897298
90812439
90107954
95944596
95587696
90170466
90169779
90140513
90139999
90108074
90204448
90204287
91853321
92587980
91849020
96835545
95943018
95733436
95607470
95589721
95588578
95498256
93408069
92384320
91884991
91884604
96972841
96877763
92771654
92425180
92424944
91854119
92798856
92798843
91885298
92251538
92380845
90646917
93191105
95013296
95011789
92798002
95802135
92602722
92428341
92427824
92427502
92426463
93408069
93235491
93232806
93406502
93406085
93405889
93477572
96476783
94553909
94553629
95313650